0.5636 0.4124 0.5702 0.4181 0.575 0.4123 0.5919 0.4123 0.5894 0.4124 0.5826 0.4182 0.5673 0.4123 0.5661 0.4123 0.0450529 0.0794706 -0.0632235 7.9164 40 0 2 0
-0.7814 0.1794 -0.7692 0.1764 -0.7603 0.1789 -0.7306 0.1791 -0.7304 0.1794 -0.7437 0.1772 -0.7732 0.1791 -0.7785 0.1791 -0.00166979 -0.122694 -0.00460101 7.94475 45.8249 0 2 0
-0.5958 -0.5323 -0.5953 -0.5298 -0.5896 -0.5322 -0.5737 -0.5322 -0.5614 -0.5322 -0.5602 -0.5212 -0.5894 -0.5322 -0.5942 -0.5334 -0.00777384 -0.0941042 0.0157059 8.06034 45.8249 0 3 0
-0.4214 -0.6776 -0.421 -0.6731 -0.4182 -0.6774 -0.4082 -0.6772 -0.3995 -0.6774 -0.3984 -0.6634 -0.4193 -0.6774 -0.4247 -0.679 0.00358864 -0.0687617 0.0119036 7.94476 45.8249 0 3 0
-0.22 -0.7661 -0.2448 -0.7587 -0.2558 -0.7539 -0.2615 -0.7472 -0.2664 -0.7401 -0.2832 -0.7164 -0.322 -0.7246 -0.3438 -0.718 0.127428 0.0489855 0.00449209 7.99705 45.8249 0.700274 3 0
0.0003 -0.8384 -0.0252 -0.8195 -0.0388 -0.8372 -0.0517 -0.8358 -0.0603 -0.8341 -0.0768 -0.801 -0.1117 -0.8288 -0.1357 -0.824 0.0145738 0.0327485 -0.0557884 8.26443 48.1111 0.700274 3 0
0.2561 -0.8689 0.2205 -0.8353 0.2066 -0.88 0.1838 -0.6483 0.1705 -0.8522 0.1393 -0.845 0.119 -0.896 0.0907 -0.9007 -0.129145 0.11308 0.164234 8.5046 51.8667 0.700274 3 0
0.4775 -0.7647 0.4306 -0.7327 0.428 -0.7873 0.4019 -0.7957 0.3911 -0.8063 0.3542 -0.7777 0.3546 -0.8269 0.3273 -0.8331 0.0399294 0.0274149 1.81737 8.7941 51.8667 0.700274 3 0
0.676 -0.6111 0.6048 -0.5878 0.623 -0.6414 0.5981 -0.6586 0.5684 -0.6735 0.5554 -0.6559 0.5683 -0.7057 0.5419 -0.7194 -0.0195057 0.0258142 2.18162 8.72402 52.8983 0.700274 3 0
0.8067 -0.3944 0.7558 -0.3839 0.6211 -0.4377 0.7457 -0.4549 0.6981 -0.4757 0.6982 -0.4702 0.6282 -0.5119 0.7146 -0.5257 -0.00669068 0.3655 1.64548 8.6921 52.8983 0.700274 3 0
0.8806 -0.1467 0.8349 -0.1656 0.7021 -0.2076 0.8373 -0.2322 0.7582 -0.2608 0.813 -0.2748 0.681 -0.3132 0.8277 -0.3413 -0.0086197 1.12272 1.04008 8.70273 52.8983 0.881518 3 0
0.8861 0.1126 0.8492 0.079 0.7385 0.058 0.879 0.025 0.7522 -0.0018 0.8608 -0.0302 0.7429 -0.0588 0.8984 -0.0876 -0.0267018 1.76598 0.238204 8.87531 53.1551 0.881518 3 0
