0.5636 0.4123 0.5701 0.4181 0.5751 0.4123 0.5918 0.4123 0.5894 0.4124 0.5826 0.4182 0.5673 0.4123 0.5661 0.4123 0.0396588 0.0763529 -0.0645647 7.9162 40 0 2 0
-0.8055 0.1853 -0.7876 0.1804 -0.7755 0.1849 -0.7278 0.1851 -0.7236 0.1852 -0.7421 0.1818 -0.7934 0.1851 -0.8008 0.1848 -0.00565926 -0.177786 -0.017638 8.08069 47.3386 0 2 0
0.4304 -0.8163 0.4254 -0.7791 0.4169 -0.8143 0.3767 -0.5377 0.3603 -0.6237 0.3726 -0.7605 0.4197 -0.8166 0.426 -0.8138 -0.0492228 -0.0837524 0.026243 8.782 52.939 0 2 0
0.3549 0.8965 0.3542 0.8518 0.3389 0.8942 0.2953 0.5593 0.2791 0.5622 0.3011 0.8575 0.3398 0.8965 0.3508 0.8928 -0.0103027 0.00525206 0.078256 8.72723 55.1776 0 2 0
-0.909 -0.3265 -0.8648 -0.315 -0.8874 -0.3265 -0.6317 -0.3255 -0.4721 -0.3265 -0.8321 -0.3094 -0.8891 -0.3266 -0.8962 -0.327 0.00741185 -0.0303598 -0.0363263 9.05207 56.0768 0 2 0
0.9042 -0.5229 0.8526 -0.5059 0.8426 -0.5229 0.2956 -0.5203 0.6932 -0.5229 0.5161 -0.4947 0.8798 -0.5229 0.874 -0.5241 0.131572 0.0581266 1.08215 9.06836 60.5436 0 2 0
-0.201 1.0771 -0.1865 1.0555 -0.2052 0.5388 -0.2101 0.6327 -0.2199 0.8084 -0.212 0.7002 -0.2038 1.0607 -0.2026 1.0753 -0.0516774 -0.0170516 0.75033 9.37954 62.9384 0 2 0
-0.674 -0.8748 -0.6367 -0.8496 -0.6635 -0.3465 -0.43 -0.4814 -0.4945 -0.6436 -0.5177 -0.4976 -0.652 -0.8748 -0.6498 -0.875 0.0231778 0.0251881 1.46967 9.22579 63.6934 0 2 0
1.1171 0.0542 1.0803 0.0544 0.7756 0.0542 0.5438 0.0544 0.8383 0.0542 0.7343 0.0515 0.8471 0.0542 1.0865 0.0488 -0.0849266 -0.00603599 1.18997 9.39916 64.4421 0 2 0
-0.7518 0.7924 -0.7177 0.7652 -0.6532 0.1021 -0.6085 0.5668 -0.6931 0.6311 -0.4957 0.4928 -0.657 0.7924 -0.7088 0.7893 -0.0601707 0.0761382 1.24017 9.21647 62.7172 0 2 0
-0.1064 -1.1247 -0.0916 -0.8256 -0.0948 -0.6822 -0.0865 -0.8832 -0.1075 -0.8799 -0.1309 -0.7955 -0.1188 -0.8759 -0.1211 -1.1212 -0.0504864 -0.0194013 1.63895 9.43133 64.7951 0 2 0
0.8282 0.6042 0.77 0.5775 0.5604 0.6034 0.7016 0.6043 0.6771 0.6036 0.714 0.5329 0.6758 0.6042 0.8033 0.6029 -0.088698 -0.0289992 1.53846 9.49077 60.0753 0 2 0
-0.993 0.2501 -0.8791 0.2342 -0.7179 0.2493 -0.8395 0.2507 -0.8932 0.2493 -0.7791 0.2569 -0.7811 0.2501 -0.9747 0.2475 -0.0330112 -0.0252845 1.6951 9.25998 59.4114 0 2 0
0.4775 -0.9429 0.4635 -0.6449 0.4719 -0.7152 0.4571 -0.7616 0.4531 -0.7898 0.4267 -0.7463 0.4461 -0.7786 0.4516 -0.9373 0.0159504 0.00106072 1.52027 9.54843 60.5936 0 2 0
0.3924 0.9578 0.3657 0.7124 0.3657 0.7358 0.3511 0.9585 0.3798 0.7253 0.3878 0.7074 0.3845 0.9524 0.3876 0.9565 -0.0534581 -0.0409589 1.69324 9.20707 59.3685 0 2 0
